2945
16207
5579
13197
11472
8889
12410
11287
385
11908
3457
2786
16714
11709
17564
8325
7809
4739
13181
16912
15793
3531
13328
2634
14841
5893
13543
938
2398
5826
621
3072
8729
13257
8923
850
14467
8096
14265
5372
12173
2612
4470
15386
16954
1513
3259
16553
12896
6706
4888
16074
15097
8108
10185
194
5444
5544
7246
17649
15127
15759
15091
10148
12774
12484
3978
4156
15040
9637
8004
9843
9368
10209
9885
12939
9937
13110
5350
1802
12105
7881
15961
17815
12240
15534
2336
9055
9523
11062
5481
10815
206
1364
366
517
2730
52
171
13264
6543
6755
6079
3856
9934
14130
15570
7947
11372
7187
2007
13809
17604
12576
8400
160
17004
2364
17386
15292
13212
6372
11342
17387
14952
3855
10274
5636
11668
13653
17091
8486
6622
